identity,separability,stability,coherence,congruence,selectivity,accumen,Verm_stability,fidelity,sparsity,instability,completness_rec,methods,nb_layers
1.0(0.0),1.0(0.0),1.0(0.0),0.38(0.14),0.33(0.07),0.59(0.08),0.02(0.01),0.77(0.03),-0.72(0.56),0.02(0.0),0.48(0.13),0.01(0.01),lime,1
1.0(0.0),1.0(0.0),1.0(0.0),0.35(0.14),0.32(0.06),0.58(0.08),0.02(0.01),0.76(0.03),-1.1(1.46),0.02(0.0),0.52(0.16),0.06(0.1),lime,2
1.0(0.0),1.0(0.0),1.0(0.0),0.0(0.0),0.0(0.0),0.42(0.03),0.3(0.07),0.68(0.08),0.64(0.01),0.02(0.0),0.52(0.1),1.0(0.0),lime,3
1.0(0.0),1.0(0.0),1.0(0.0),0.38(0.14),0.33(0.05),0.51(0.06),0.05(0.04),0.8(0.05),-2.18(1.71),0.02(0.0),0.54(0.05),0.06(0.05),lime,4
1.0(0.0),1.0(0.0),1.0(0.0),0.38(0.14),0.33(0.07),0.88(0.02),0.46(0.02),1.0(0.0),0.07(0.22),0.02(0.0),0.48(0.06),0.01(0.02),shap,1
1.0(0.0),1.0(0.0),1.0(0.0),0.35(0.14),0.31(0.06),0.89(0.04),0.44(0.06),1.0(0.0),0.32(0.1),0.02(0.0),0.53(0.18),0.13(0.15),shap,2
1.0(0.0),0.95(0.11),1.0(0.0),0.0(0.0),0.0(0.0),0.67(0.13),0.61(0.05),1.0(0.0),1.0(0.0),0.02(0.0),0.5(0.15),1.0(0.0),shap,3
1.0(0.0),1.0(0.0),1.0(0.0),0.36(0.13),0.32(0.05),0.75(0.02),0.44(0.02),1.0(0.0),0.35(0.05),0.02(0.0),0.45(0.09),0.17(0.08),shap,4
1.0(0.0),1.0(0.0),1.0(0.0),0.49(0.18),0.38(0.06),0.58(0.03),0.04(0.02),1.0(0.0),-0.02(0.28),0.02(0.0),0.48(0.05),0.14(0.24),l2x,1
1.0(0.0),1.0(0.0),1.0(0.0),0.45(0.17),0.36(0.05),0.6(0.03),0.04(0.02),1.0(0.0),0.25(0.12),0.02(0.0),0.41(0.12),0.18(0.15),l2x,2
1.0(0.0),1.0(0.0),1.0(0.0),0.0(0.0),0.0(0.0),0.45(0.1),0.04(0.02),1.0(0.0),1.0(0.0),0.02(0.0),0.52(0.09),1.0(0.0),l2x,3
1.0(0.0),1.0(0.0),1.0(0.0),0.42(0.15),0.36(0.05),0.6(0.04),0.05(0.01),1.0(0.0),0.3(0.05),0.02(0.0),0.46(0.13),0.29(0.3),l2x,4
