identity,separability,stability,coherence,congruence,selectivity,accumen,Verm_stability,fidelity,sparsity,instability,completness_rec,methods,nb_layers
1.0(0.0),1.0(0.0),1.0(0.0),0.3(0.1),0.25(0.06),0.63(0.04),0.07(0.07),0.66(0.1),0.05(0.06),0.02(0.0),0.42(0.09),0.56(0.32),lime,1
1.0(0.0),1.0(0.0),1.0(0.0),0.25(0.07),0.24(0.07),0.74(0.02),0.13(0.07),0.75(0.04),0.02(0.1),0.02(0.0),0.51(0.05),0.28(0.26),lime,2
1.0(0.0),1.0(0.0),1.0(0.0),0.28(0.09),0.27(0.07),0.7(0.05),0.15(0.06),0.69(0.05),0.01(0.12),0.02(0.0),0.56(0.05),0.02(0.03),lime,3
1.0(0.0),1.0(0.0),1.0(0.0),0.3(0.09),0.27(0.07),0.8(0.05),0.1(0.02),0.65(0.05),0.07(0.09),0.02(0.0),0.55(0.08),0.05(0.1),lime,4
1.0(0.0),1.0(0.0),1.0(0.0),0.08(0.06),0.14(0.11),0.6(0.06),0.48(0.02),1.0(0.0),0.6(0.12),0.01(0.01),0.48(0.08),0.76(0.08),shap,1
1.0(0.0),1.0(0.0),1.0(0.0),0.25(0.07),0.24(0.07),0.89(0.05),0.43(0.02),1.0(0.0),0.32(0.04),0.02(0.0),0.57(0.08),0.25(0.38),shap,2
1.0(0.0),1.0(0.0),1.0(0.0),0.28(0.09),0.26(0.07),0.77(0.03),0.61(0.03),1.0(0.0),0.18(0.12),0.02(0.0),0.58(0.15),0.22(0.15),shap,3
1.0(0.0),1.0(0.0),1.0(0.0),0.3(0.09),0.27(0.07),0.95(0.06),0.48(0.01),1.0(0.0),0.3(0.09),0.02(0.0),0.49(0.19),0.04(0.09),shap,4
1.0(0.0),1.0(0.0),1.0(0.0),0.26(0.06),0.22(0.06),0.63(0.03),0.03(0.01),1.0(0.0),0.1(0.13),0.02(0.0),0.57(0.07),0.28(0.28),l2x,1
1.0(0.0),1.0(0.0),1.0(0.0),0.4(0.06),0.35(0.07),0.72(0.06),0.04(0.02),1.0(0.0),0.21(0.08),0.02(0.0),0.59(0.06),0.21(0.07),l2x,2
1.0(0.0),1.0(0.0),1.0(0.0),0.36(0.06),0.32(0.06),0.64(0.07),0.02(0.0),1.0(0.0),0.18(0.12),0.02(0.0),0.56(0.13),0.12(0.15),l2x,3
1.0(0.0),1.0(0.0),1.0(0.0),0.36(0.06),0.31(0.06),0.77(0.07),0.03(0.02),1.0(0.0),0.15(0.14),0.02(0.0),0.47(0.14),0.13(0.18),l2x,4
