,RMSE,std_RMSE,S_score,std_S_score,MSE,std_MSE,nodes,dropout,activation,batch_size
0,33.41308453411074,10.533023116442562,18486.133543979682,12226.266101327728,1247.9561360677083,652.1013548078873,[128],0.2,tanh,256
1,33.49692049589564,10.015115874989181,9815.157938182829,8726.54664311423,1543.873779296875,940.0890342577345,[64],0.1,tanh,256
2,44.14899281482054,5.650174500841668,12549.591688595474,5181.409745803635,2994.28125,1104.139331465837,[32],0.2,tanh,256
3,24.5946188275333,11.942161662499009,11795.221872502356,15182.471733953886,679.2912801106771,699.5590973846936,[256],0.1,tanh,256
4,44.65099295932358,6.144368219638001,12940.459854660832,6082.571790629023,3099.312703450521,1169.493138057642,[32],0.3,tanh,256
5,26.3920965089933,9.130650192030878,7546.43569360437,7709.062278446372,720.8862864176432,673.2454292641078,[64],0.1,tanh,128
6,53.069797659199885,7.371741979789376,26429.06359078804,19831.58239298152,4643.286376953125,1288.822488731298,[32],0.1,tanh,512
7,25.471284939666077,11.416411296877406,12005.732445418123,15456.828492301456,668.2155202229818,719.9260007831673,[256],0.3,tanh,64
8,53.76368664171864,7.490874252287066,28612.25366883883,21541.21012214426,4758.646484375,1314.4974050830574,[32],0.1,tanh,512
9,17.49797873466052,3.56221533285179,825.7748696046451,401.68221533254666,400.1731262207031,298.61339805428145,[32],0.4,tanh,64
10,44.22651732780582,5.726925663634178,12700.091277296107,5322.964459832864,3006.8631184895835,1116.9860123614442,[32],0.1,tanh,256
11,41.377452736007164,0.16522607028832423,32598.019047672296,1105.4643226462565,1672.794921875,13.619075139844414,[256],0.2,tanh,256
12,53.453539556645445,7.416601338182609,27577.043838267567,20690.695207731613,4706.879069010417,1299.4844200641498,[32],0.3,tanh,512
13,19.126310649294066,2.1107563135318803,1665.596473135197,449.88085438756394,232.32261657714844,91.95186222896493,[64],0.1,tanh,64
14,16.503820479200048,2.02554338552002,1006.6922064189099,529.5690843184761,190.9395294189453,69.73188250562367,[128],0.3,tanh,64
15,24.227291827694682,12.241210735139248,11688.374154527963,15281.609160112279,690.1932423909506,704.9611464386039,[256],0.1,tanh,128
16,17.011933807079938,2.814850629989697,1263.9850107645887,916.2794817029632,215.20987955729166,101.44067431266333,[64],0.2,tanh,64
17,34.48485038760567,9.890457911214177,22607.54350701101,14414.15605666186,1253.4686482747395,605.4975682814927,[256],0.1,tanh,256
18,24.76974966633843,11.028121611786833,8120.346760693378,10031.896243070325,740.8880971272787,710.9128141609015,[128],0.3,tanh,256
19,18.371744036370135,1.7907921220289575,1142.2756792330565,218.88924240048124,364.0337320963542,287.2402048040271,[32],0.1,tanh,64
20,40.75006010090903,0.6934245849827456,21098.4130620487,12039.431607588318,1962.384765625,329.42230427398346,[128],0.2,tanh,512
21,37.35419268109204,4.0814268420121325,11360.46985088465,8188.081294501697,1723.544189453125,556.301155325987,[128],0.3,tanh,512
22,33.14293437743131,11.78126599026733,22104.488041438035,15047.48979344514,1181.9341888427734,706.7008738422625,[256],0.2,tanh,128
23,33.51398741909711,11.09818590616606,21524.973895410363,14329.986473468953,1218.7395833333333,660.7283503841976,[128],0.4,tanh,128
24,24.86466137865369,11.82651749407719,11807.551515664743,15377.03920500477,693.1662801106771,700.378039707065,[256],0.3,tanh,128
25,40.66168220110335,0.6206835783285136,20326.27529941539,11283.968118238206,1962.3831380208333,325.14626855937803,[128],0.4,tanh,512
26,53.44644127658548,7.463602111500893,27629.142180851417,20753.44129028253,4706.237548828125,1307.6437281082087,[32],0.4,tanh,512
27,24.3987590346749,10.564489744832523,8286.91744260845,9814.929095086001,614.2657572428385,628.0876013005225,[256],0.3,tanh,128
28,24.219684540228027,12.090146235902665,10898.724662121747,14318.843284896662,670.5514119466146,722.1701982842404,[128],0.4,tanh,64
29,41.6237521862705,0.2173431967863341,34219.28113408102,2165.8765467670446,1692.242919921875,16.395612928063503,[128],0.1,tanh,128
30,25.64602344073806,11.132736741981425,11704.781574109425,14895.488752213014,733.3677164713541,656.7716841371669,[256],0.1,tanh,256
31,29.32574498662197,9.705228490903881,2807.1639940720456,2002.5207888173281,1359.1172637939453,1006.017335039806,[32],0.3,tanh,128
32,24.292282902791268,10.925981618513978,8533.229048406623,11136.027635062712,623.6554361979166,651.0570814995018,[128],0.2,tanh,64
33,25.09994052701228,11.695237779188924,12108.06532479501,15580.112494782561,713.1006011962891,687.6261292141209,[256],0.1,tanh,128
34,40.66719098417156,0.4952215781540345,19747.666919858075,10710.124251121626,1977.9175618489583,345.77875524175295,[128],0.4,tanh,512
35,18.70039349407415,2.609535324732272,1161.0055065785505,636.5611974974997,370.6464335123698,205.96887464227916,[256],0.2,tanh,128
36,53.75570386329991,7.501893437703494,28615.746997084385,21591.311167928667,4757.386067708333,1316.0731250778504,[32],0.3,tanh,512
37,24.937353844886957,11.748832495927596,11807.78229681417,15334.189329736038,694.7247975667318,701.5204928066341,[256],0.4,tanh,128
38,53.68381179531141,7.482428724658328,28363.86219359061,21360.39518751452,4745.404622395833,1312.3558207760618,[32],0.1,tanh,512
39,24.441491478334854,11.277915611368046,8361.95175764993,10133.42945151251,702.2329305013021,735.0941654023093,[64],0.1,tanh,128
40,43.70181609429903,5.195295614535259,11330.866387523938,4283.397028418198,2937.2745768229165,1018.1557128385595,[64],0.4,tanh,512
41,16.745511970020207,0.6047390139040153,965.1829806780552,367.01703675044814,193.47050984700522,66.50424313259215,[256],0.3,tanh,64
42,25.293152751065026,11.516186921257376,12101.02635810062,15248.684487806919,718.0632019042969,681.9331389603198,[256],0.1,tanh,256
43,40.61611711420343,0.548840392105719,19943.950670075177,10738.95649933454,1960.1014404296875,323.0438518159609,[128],0.4,tanh,512
44,41.243126516356796,0.3172490222420797,30863.627769821236,3380.109707975814,1694.7849934895833,14.829965559045451,[256],0.3,tanh,512
45,17.625021580798393,1.2639868886254695,1487.1489688952358,48.5037728049231,228.3622080485026,120.8980291661796,[64],0.2,tanh,64
46,26.464919802452098,10.795585961782132,11860.579274890748,15207.86270805566,808.7373962402344,635.5614845187775,[256],0.2,tanh,256
47,23.09554164882971,9.421141431529387,4379.919678396512,5407.203321228847,622.1128590901693,552.3796380586233,[256],0.4,tanh,128
48,41.27784599719882,0.44892921241015743,30928.80046788407,4291.384959197148,1705.3182779947917,17.76192487985731,[256],0.3,tanh,512
49,17.605325949606783,0.6196973209757862,1112.880866964446,39.17278530059865,326.7138315836589,226.43467773845992,[128],0.1,tanh,64
