,RMSE,std_RMSE,S_score,std_S_score,MSE,std_MSE,nodes,dropout,activation,batch_size
0,40.45603637874641,0.2066108826697061,17112.83545027566,2599.3126415477013,1750.2415771484375,13.584605564638085,[256],0.1,tanh,512
1,57.49563587658587,6.822756063586607,33081.45637069406,22725.785777654153,3969.2482096354165,974.6828109089936,[32],0.4,tanh,512
2,23.042640614246825,12.066432489497739,4222.743248971984,5412.611631466215,741.7989501953125,733.4298088686214,[64],0.1,tanh,128
3,23.463594851626752,11.753211238541013,4013.882559720351,5059.505448628024,751.1674957275391,733.2501662213858,[64],0.4,tanh,128
4,14.539667767575457,1.3967822579001323,438.4214324613933,156.07781093604837,188.43859354654947,10.261511562619477,[256],0.4,tanh,64
5,22.5746549160224,12.429659113843927,5690.038086752703,7631.3079915450835,713.7568766276041,710.8620962648135,[128],0.1,tanh,128
6,56.523298597181025,6.703036952758336,29739.38427417996,20355.147060579297,3841.2859700520835,946.7958192545809,[32],0.1,tanh,512
7,40.689847365444706,11.913919340158547,9707.63585879187,10067.866800138143,2228.0377197265625,1201.8669277244956,[32],0.2,tanh,256
8,31.131361713850584,11.931512284538098,8755.773971468903,6000.3855318603455,1229.9287516276042,646.5294678516913,[128],0.1,tanh,256
9,14.151649110937216,0.3182302505709229,360.9239979183758,25.83446736410813,200.05221048990884,7.959946197833523,[64],0.3,tanh,64
10,23.973897648368393,11.540261343632313,4295.189678992845,5469.773077957671,813.3067626953125,685.8647879905762,[128],0.4,tanh,256
11,14.676320601214234,1.1179649534531062,499.7450788250919,159.48514385359147,197.60833740234375,7.942685626533627,[256],0.1,tanh,64
12,32.52527304510395,11.019060976416172,10139.222213775081,7339.2276419954915,1305.0663146972656,634.9840897352335,[128],0.4,tanh,256
13,33.31613483794947,12.635932950440745,6445.002019273391,5141.330798374156,1505.0117899576824,833.1220033848953,[64],0.1,tanh,256
14,17.618346236346486,4.905178891216628,599.8461933072609,349.3653164267035,416.1555531819661,276.2607243402103,[32],0.1,tanh,64
15,16.175422510245138,0.7800144281265416,544.6138798806675,76.02488011372616,278.36658732096356,47.04565285997402,[128],0.1,tanh,128
16,23.19739211048854,12.26330517965806,6297.094142526362,8335.788078137452,728.2911682128906,721.5237718462193,[256],0.1,tanh,128
17,31.6817718837776,12.505838906594459,12151.50296413205,8424.260704154312,1246.5384012858074,696.8429683392909,[128],0.4,tanh,128
18,26.90317511450993,13.410996439974172,2549.311440366034,2995.408831125507,1134.1663716634114,1012.2106939814322,[32],0.3,tanh,128
19,45.79655549148401,10.2407440898539,12811.901347469355,11831.904200990202,2652.6995442708335,1149.7825269442628,[32],0.3,tanh,256
20,31.584254242564807,12.716343122708086,12566.644646214618,8660.835396635124,1237.2466837565105,711.0484386133505,[128],0.1,tanh,128
21,33.35937780866868,13.042178370890033,5818.940658779968,4209.489997320025,1523.6893819173176,890.4382660402388,[64],0.2,tanh,256
22,14.488488451801578,0.6132019140510476,395.6613629803819,74.37166073764679,200.7460683186849,7.535410780506163,[64],0.2,tanh,64
23,40.45413499248377,0.20831052770917124,17082.488901130502,2631.1425482019104,1750.4033203125,13.800249119525075,[256],0.1,tanh,512
24,17.67202575440136,3.727295829155788,616.9734161604957,170.68316080890096,369.28602600097656,219.19295997008913,[256],0.2,tanh,128
25,47.38965328558945,6.92712239337276,12637.01927584259,8624.194443979282,2712.0861002604165,912.4413049041887,[32],0.4,tanh,256
26,16.24597094928913,3.4077105806667,398.04820257284035,105.68837899526775,357.7725067138672,213.30313420337524,[32],0.3,tanh,64
27,23.097550004468705,12.348419514433917,6300.672172418975,8343.497479978898,727.2684275309244,722.0665943019724,[128],0.1,tanh,64
28,23.601174270107425,11.937848454582937,6235.391910597434,8116.969625952823,730.6707204182943,718.1089627387387,[256],0.2,tanh,128
29,41.97364357116131,12.086333186582047,10581.17466631126,10635.908214132129,2349.4584147135415,1229.8351586868123,[32],0.3,tanh,256
30,57.197526764967996,6.790726668067045,32031.111111232065,21990.280410353465,3929.890625,966.6548126321704,[32],0.3,tanh,512
31,40.554306279554375,0.05766004284740315,18428.690434832795,647.6085058384771,1744.3607991536458,10.553976790504398,[256],0.4,tanh,256
32,41.42248011105983,1.6775930451652468,11495.4146878081,4217.187745627948,1942.3287760416667,292.53398836403153,[128],0.4,tanh,512
33,17.224458967225043,3.994631543519164,447.70103479566507,165.744409251381,398.48322041829425,265.9839962543081,[32],0.3,tanh,64
34,23.272207274126988,11.899906666540124,3711.0534762471693,4675.242927171519,770.2864176432291,729.7009170611013,[64],0.4,tanh,128
35,29.954528182016606,12.026685615504498,2901.6311961498795,2355.8804534636274,1254.5847269694011,858.3161229977745,[64],0.2,tanh,256
36,40.85695695887928,1.9540046366398096,10749.501986014546,3545.722925455896,1892.5952555338542,305.1145043505194,[128],0.2,tanh,512
37,33.74614155992797,12.07440971042665,6293.6572545199115,4882.013260042335,1515.0487670898438,827.5264982108683,[64],0.4,tanh,256
38,22.78945284893221,12.230789602385595,5787.210285095883,7639.4867937235795,720.5213572184244,703.6203548744232,[128],0.3,tanh,128
39,27.54827369306957,12.531744454524626,2410.504064067089,2676.7948191899527,1153.2983805338542,921.4299296778081,[64],0.1,tanh,256
40,43.761170752323984,11.072354608776198,10818.492565614539,9999.191045544752,2483.9563802083335,1130.8298006814448,[32],0.4,tanh,256
41,14.062142339437045,0.3583004243793388,364.30837773673755,63.50843616641336,203.56566874186197,6.704374455891165,[64],0.2,tanh,64
42,13.964883849013738,0.7757767797629339,343.91566707004625,74.92665038250594,190.12193806966147,5.9571801631108166,[256],0.3,tanh,64
43,16.533802152858588,4.439843655004307,414.0112272847438,168.0870638649528,396.9463857014974,250.42419791061062,[32],0.1,tanh,64
44,57.738595587768515,6.8576206759581595,33977.75074181053,23373.864228684768,4001.5208333333335,982.3458752356555,[32],0.4,tanh,512
45,33.155420194413026,12.836313433828552,5663.589741725488,4131.132460693998,1496.1569519042969,865.523209259793,[64],0.1,tanh,256
46,16.36838842733851,3.1048477172113516,395.6527190143036,110.2787521481994,349.80156962076825,194.72307302199258,[32],0.4,tanh,64
47,22.942275652998415,12.438819304822967,6298.2799614979185,8316.559874099677,717.5114542643229,728.8605357586351,[256],0.1,tanh,128
48,14.722425924315054,0.8203591773998249,449.1784448331676,109.07506436946323,214.33636983235678,21.456571130392607,[64],0.1,tanh,64
49,41.417616678599586,1.62532686673256,11806.953785584556,4461.870648987187,1938.5221354166667,288.3139325795046,[128],0.1,tanh,512
