,RMSE,std_RMSE,S_score,std_S_score,MSE,std_MSE,nodes,dropout,activation,batch_size
0,18.303143689200837,2.0094901672716885,3376.373134256357,2269.266564968602,242.3694814046224,61.52360623756149,[128],0.3,tanh,128
1,21.28078036124776,2.9042224783122643,8221.432981460677,3635.971547713914,253.13084920247397,45.921204476978716,[256],0.2,tanh,64
2,30.4102348201878,10.482028373910488,12165.813067967827,6837.682338814088,1089.169453938802,817.7502030794901,[64],0.2,tanh,512
3,40.166646189011715,5.8175711726918475,82598.40831633944,33329.58594135792,1453.3543294270833,374.934359463644,[256],0.1,tanh,512
4,22.53757351785441,0.7781115438024893,8913.002869510261,2369.5890978740717,235.44867960611978,44.86733726691517,[256],0.1,tanh,64
5,25.925669872599098,4.993289926772619,151276.79109570605,178105.87779747276,225.61050415039062,26.890159706197377,[256],0.3,tanh,64
6,26.50406514264574,12.224702244747352,29013.761658572956,37995.837164853496,725.8702494303385,697.3642884340204,[32],0.4,tanh,128
7,16.770742057396344,0.7873153587314093,1942.5133069440137,398.67539439311975,262.90057881673175,52.261578317051246,[256],0.1,tanh,64
8,25.635211095628176,11.676829907382638,21215.65073352314,26791.658058967092,689.7912648518881,650.2030429668249,[64],0.1,tanh,256
9,35.66067358501195,10.856720368003371,36087.21120287732,32642.26776053691,1372.0924072265625,777.5725733555162,[64],0.1,tanh,512
10,32.877812478665554,7.1587042267657575,81540.86831835056,8513.120547451805,708.9028828938802,663.0916331828574,[256],0.2,tanh,512
11,31.61430057591636,11.043017799551672,201339.8023797545,217110.42438991548,725.3355712890625,685.8744298702072,[256],0.1,tanh,128
12,21.831781019047373,3.7941627275419667,48927.57090692164,32382.399433739254,236.41500345865884,63.49343296093644,[256],0.1,tanh,128
13,17.73654436738454,1.348820779634819,2571.5489057357595,380.3497173491934,269.3739471435547,73.96436090916885,[32],0.1,tanh,64
14,46.09976998551108,6.18609922415121,32202.674936611733,8397.422575992654,2492.9759521484375,1044.4375127298342,[32],0.2,tanh,512
15,27.35114056438643,11.694201311652595,8890.046501225681,8690.719141535996,939.7957865397135,883.9743144151124,[32],0.4,tanh,256
16,25.235045489981783,0.7471619403485432,25781.51308323121,9699.517275147298,301.628657023112,109.15334163322636,[32],0.1,tanh,128
17,22.993930230581952,2.706530577605565,17440.62201940837,8004.863703226352,219.62537638346353,39.7232720861003,[32],0.4,tanh,64
18,44.161258649873595,0.2320036840910729,100798.07423134439,9956.353325297765,1719.9220377604167,15.991949462713455,[128],0.2,tanh,512
19,25.76895623555391,0.4605209332674954,57627.98443163334,11844.28593201908,207.08834838867188,36.10889480452768,[32],0.4,tanh,64
20,23.015444873454996,0.352501515791128,21882.045251377713,11865.207646150386,260.5535583496094,68.84224234160877,[128],0.2,tanh,256
21,44.1542775396124,0.21542996562833025,100491.565821493,9237.666262529658,1719.5150960286458,15.890799528734945,[128],0.2,tanh,512
22,17.774564100467515,0.7101619286012162,2999.142898227669,298.17265264900095,244.53972880045572,35.95042091742473,[256],0.4,tanh,128
23,22.009331889540913,0.5201228343948374,13245.349264000595,8483.975437805977,338.23524983723956,190.6417387693889,[64],0.4,tanh,256
24,19.770342363859523,2.8330611644795023,5224.2979337003335,2615.9599070926074,235.8199005126953,41.676596691983185,[256],0.2,tanh,256
25,40.067836334948765,12.389764103744325,22101.471814660137,14599.200798943364,2107.423543294271,1281.6419149502428,[32],0.1,tanh,512
26,22.100435665645175,1.9798273577290935,25069.220574151084,11312.695167954582,221.0779825846354,43.95111639645717,[64],0.2,tanh,64
27,44.24142067635025,0.12013067992204109,104227.31497241188,5176.7946054802405,1716.1831868489583,19.78086746852689,[256],0.3,tanh,512
28,18.37224235222487,1.679014046625405,3110.9061976383528,920.607156319706,293.2288411458333,68.83455760400838,[64],0.2,tanh,128
29,16.71983675541351,0.8570543307798553,1658.1677578806268,273.37519108228406,239.6168416341146,37.85545833937036,[256],0.3,tanh,128
30,19.51340516019376,2.928476094598658,3791.6246206367396,2108.09420735978,326.6218566894531,123.2819742307897,[256],0.1,tanh,256
31,20.576422415109395,1.101599044031673,5285.151697671249,3017.7492426902145,273.21251424153644,62.63471005956406,[256],0.2,tanh,256
32,33.10766074829462,7.612121337626071,38065.05445852617,16548.856235043622,963.2335611979166,854.4666036107042,[32],0.4,tanh,256
33,29.952216054881873,9.917747173764552,46934.722596119915,33898.36358108186,710.6016794840494,696.659625770485,[128],0.4,tanh,256
34,19.444382194178285,3.0985272236063977,7651.456713099725,7720.740904949104,249.82345072428384,50.07253528214763,[32],0.4,tanh,64
35,19.722002415644397,1.9704297035744442,7570.191757247262,4517.336097271546,309.3272196451823,138.34595818169808,[32],0.3,tanh,128
36,44.004027324423504,0.26219900310753075,98166.42459575774,8542.635135832588,1705.471923828125,28.878220673908878,[128],0.2,tanh,512
37,16.014446228781157,1.1222248044557945,1648.0180570965276,430.5080371510741,234.99012756347656,49.71227109144536,[256],0.3,tanh,64
38,18.110948584108872,1.9821165818556028,2752.945688483492,1603.314743353808,276.8905334472656,58.884607818264044,[256],0.2,tanh,256
39,30.923750021797503,9.514746098036294,41306.80054130221,41356.24159226251,844.8291371663412,617.4845846052917,[256],0.1,tanh,512
40,27.112451472157407,11.749776777613931,9389.004779286426,9106.74133878258,913.4289042154948,871.3966526174371,[32],0.2,tanh,256
41,23.304422503753532,2.6067880535789585,25434.26825996292,10631.528076456025,409.4846954345703,244.25866536941692,[64],0.1,tanh,256
42,21.69266837583699,2.1437300195124016,15843.705896353662,5892.558218697519,245.48936462402344,60.06354602323422,[64],0.4,tanh,128
43,25.95579100943593,12.890484381803896,35214.38896490902,46914.98519409687,716.2432759602865,690.0559383965831,[128],0.2,tanh,128
44,18.95958724655608,0.888993009483209,2957.138854303151,425.3075244860036,253.74908955891928,59.22347290724276,[64],0.2,tanh,128
45,46.89122412849318,4.8526441257716755,46864.265595128956,21333.287389406552,2498.433308919271,933.0645084311063,[32],0.1,tanh,512
46,28.0179308722435,0.45957633235822887,69914.85921268289,21949.213299939143,337.6634063720703,91.34689753589845,[64],0.2,tanh,128
47,41.93919096099685,11.483437904973721,24034.13216517759,17233.702627999104,2303.49609375,1296.8373462700413,[32],0.4,tanh,512
48,20.67473957328686,1.425597003860305,5028.160895108794,1285.1168334034976,298.3538818359375,118.98620100485127,[32],0.3,tanh,128
49,26.76681038306209,12.290329346007955,34781.35877470149,45976.91733762517,720.3730621337891,688.0628753676544,[256],0.1,tanh,256
