,RMSE,std_RMSE,S_score,std_S_score,MSE,std_MSE,nodes,dropout,activation,batch_size
0,25.70457803912805,12.563770154879208,21820.53195258587,28530.648286964,770.1202290852865,689.3208252830592,[128],0.3,tanh,256
1,17.125692926627064,1.399498480182176,7450.780450746216,4573.073905495435,244.21847025553384,22.457197703388143,[128],0.4,tanh,64
2,35.522831899315484,11.207313898479613,49852.82572964882,16120.782096605833,1260.410909016927,689.6765955448438,[128],0.4,tanh,256
3,27.668514688061776,11.813934189747563,10323.173465389253,6934.308503365231,938.0718587239584,804.1703400256426,[32],0.3,tanh,256
4,19.87705684917808,1.664825430401567,21030.157961949575,15575.377141246508,259.76441955566406,33.23455351292596,[64],0.3,tanh,64
5,33.62505472296056,12.963315556572853,17732.97252445036,13037.48137008085,1333.7726236979167,720.2899817681945,[64],0.4,tanh,512
6,21.90151495729955,3.4570080584674976,116785.88853388745,91557.51152029482,266.08387247721356,16.758815669707655,[128],0.3,tanh,128
7,34.36463602035464,12.815080052185749,20412.138086990595,16331.18289566329,1383.2506815592449,739.9101157068401,[64],0.4,tanh,512
8,17.41016436006763,2.6631082592165574,1754.2344159246643,520.2965229133476,359.6449788411458,143.4544377524365,[64],0.3,tanh,256
9,23.517155659989758,4.103458186192237,273676.7163839736,195746.1627879465,259.8205871582031,27.107726579515184,[256],0.2,tanh,128
10,14.882330230627248,0.45131910279712556,1181.6429824855477,438.7393834262437,266.6802571614583,13.604762084839198,[128],0.3,tanh,128
11,43.54184314149084,0.34255400266208574,43566.485065351015,17028.908718653664,1842.0309244791667,126.51048435709569,[64],0.4,tanh,512
12,33.214553497996896,12.013278484837317,14785.374986977455,9529.12449544955,1250.2340698242188,688.4898281937162,[64],0.1,tanh,512
13,22.578948645407902,4.224520097185687,211151.35427877188,148117.47665241506,259.6809794108073,29.14450353912182,[256],0.4,tanh,128
14,27.698137852301475,11.925267433595804,7983.045155580647,7788.8071513470695,946.5473937988281,797.0822409559163,[32],0.2,tanh,256
15,27.14867064882074,11.438259120389642,22563.786716080212,27328.94186640442,781.5012919108073,668.9550551298419,[256],0.1,tanh,512
16,27.14100906560724,12.355170402502646,8403.000477629394,7827.425663314049,961.5588175455729,765.9442712789563,[32],0.1,tanh,256
17,14.963188152399548,0.3699700237501821,1142.5845708510913,168.1771743901417,232.0573527018229,18.35887633276026,[128],0.2,tanh,64
18,43.47898174699978,0.006503138899953912,62425.89163391051,243.81958355696963,1748.1456705729167,2.8016987309757018,[256],0.4,tanh,512
19,16.10272131887655,1.160013971607934,5989.847764329854,6242.44680760576,260.99693298339844,34.89948361922705,[64],0.2,tanh,128
20,20.880356916637783,2.1316126618329747,40966.205427635454,47633.97436938998,331.85118103027344,110.75248086269006,[64],0.4,tanh,256
21,27.260557484735738,12.2947984018499,7604.5207828970715,8064.9072476862375,948.7788696289062,794.5275150005185,[32],0.2,tanh,256
22,19.557552625834663,3.690346991793877,49378.60392347636,66178.88843933378,269.36620076497394,16.9284813127757,[256],0.3,tanh,128
23,25.182919448599304,12.735443341839872,6136.375514014926,6903.477859423264,885.9388326009115,773.0033739856608,[32],0.4,tanh,256
24,25.800683851869163,13.221121287805072,7133.141225875034,8412.627918231892,934.9048970540365,801.8659537852295,[32],0.3,tanh,256
25,24.381129346277955,13.540605611419819,22044.528833682376,29839.542586765154,761.6003112792969,695.6493551564328,[128],0.2,tanh,128
26,14.805402114678209,0.7397136932653388,1128.8323079998493,376.0616074990199,254.51289876302084,24.81512320671751,[256],0.2,tanh,128
27,14.293991279456662,0.8946345153445572,1151.8871667385367,383.4370557953666,245.60172526041666,27.63423032488785,[64],0.1,tanh,64
28,29.12666134455183,10.868560052343495,73685.01482345066,32740.899751164416,806.1713256835938,662.3947814017766,[256],0.2,tanh,512
29,15.302502360723729,1.0856249177595156,1325.3336759652132,648.5260130224939,265.9479675292969,21.246164303152394,[256],0.2,tanh,128
30,17.669243660597907,2.5586340186145486,12266.521099147803,10412.441357566486,240.65332539876303,23.519455382098545,[32],0.3,tanh,64
31,18.009804256729456,1.3549854209045682,6700.6673121784115,5041.997954077007,257.9629618326823,19.85473273184642,[128],0.3,tanh,128
32,26.943527949626212,11.825388007832,26161.682029173437,27866.67531100753,755.9111022949219,699.2392440643306,[128],0.1,tanh,128
33,15.165437496749348,1.2086795647950208,1361.3394469000727,754.663155942643,257.504643758138,36.09964626031267,[256],0.3,tanh,128
34,34.34790106109079,13.191707293683171,25116.914632906424,22321.195848126496,1380.6574605305989,730.0969962653946,[64],0.3,tanh,512
35,21.6631511222096,3.3211597407515017,110886.89972336685,117326.862890194,249.97047424316406,15.417556084749224,[256],0.1,tanh,128
36,14.490890688749593,0.08272936912168911,1214.240596539207,183.14726488570324,240.14573669433594,24.178126923220916,[32],0.2,tanh,64
37,26.322294320901772,12.878629470620941,7503.382124573971,8184.356262905094,922.9944559733073,806.4827370385663,[32],0.1,tanh,256
38,24.44985518582835,13.256525187153052,18729.95076777386,24703.705733934225,756.1136118570963,696.6761352326134,[64],0.1,tanh,256
39,27.43661700831362,10.858037886513463,20051.88580616345,19513.951358389473,778.5103454589844,664.4670223672966,[128],0.1,tanh,512
40,37.446541655740525,8.552798091034289,113059.25072562578,70178.5094831175,1259.9454650878906,687.9863481285632,[256],0.3,tanh,256
41,22.93356767477955,7.4413186020720765,9327.012932173013,7987.469385813052,584.395273844401,455.1144928507422,[64],0.4,tanh,256
42,17.695608431335646,1.8175483414271494,3034.631001124799,348.43743827040055,299.01417541503906,68.9328001535001,[32],0.4,tanh,128
43,25.74125327607557,12.285956970886296,21087.44478891307,27107.62021713997,770.4416198730469,667.2994470767794,[256],0.2,tanh,512
44,26.056137815555957,12.326500947944373,22889.355512379556,27924.23085342338,766.8293050130209,691.6224686628,[128],0.3,tanh,256
45,25.02445084115692,11.744738766876385,14150.204464029768,15111.103550060163,726.7644348144531,641.4390520222497,[64],0.3,tanh,256
46,26.332617400529102,11.816565804756143,20206.472589272907,22067.056641691426,784.2350667317709,652.1629170418099,[128],0.1,tanh,512
47,14.831516016078124,0.2877478362571221,964.3285966470659,84.55423680965244,252.53617350260416,17.89290795873225,[64],0.2,tanh,128
48,43.44691834514243,0.0674162779384684,61194.89997935211,2558.466144672399,1748.4229329427083,2.3710373402700093,[128],0.1,tanh,512
49,17.056623925272806,0.6447060341015488,3248.1026046163656,1692.0897165316055,260.14829508463544,30.050462778790298,[256],0.4,tanh,128
