,RMSE,std_RMSE,S_score,std_S_score,MSE,std_MSE,alpha,epochs,nodes,dropout,activation,batch_size,sequence_length,sensor_length
0,61.54436627354645,2.1904301925823133,7060076.207054266,2924103.1376900934,5015.873209635417,2294.529491162658,0.01,15,[32],0.3,tanh,128,15,21
1,45.52025144702762,4.773583362456446,10794991.787904298,6598898.608593402,2154.7456868489585,337.01822093736206,0.6,15,"[128, 256]",0.1,tanh,128,35,21
2,44.97252469353668,6.683620606553313,41427326.10260513,48952807.68791112,2102.412150065104,177.01950970777554,0.6,15,[256],0.4,sigmoid,64,35,21
3,50.54161189295052,2.478984270426437,2020058.8754235918,1856539.1876070066,4403.238037109375,2938.178136819413,0.4,15,"[32, 64]",0.1,sigmoid,256,25,21
4,60.78198856201329,2.849606405170659,7428695.230773312,2890926.106414151,4556.183837890625,2633.821505939051,0.5,15,[32],0.4,sigmoid,128,10,21
5,60.341135705281715,8.29242976445452,11982926066.920664,12902338531.97152,3494.9563802083335,491.48000490729885,0.01,15,[128],0.2,tanh,64,15,21
6,48.180159310127266,1.4344564730427254,75034823.40579921,49509607.629753195,2445.1282552083335,257.90241267907635,0.6,15,"[128, 256]",0.2,tanh,32,25,21
7,51.50393233441343,7.5116750328537645,6339024.446228699,3056572.4260697267,4075.6279296875,2660.986312887009,0.4,15,[128],0.4,tanh,256,25,21
8,45.92490258122592,3.7451712042946,40328366.63086975,49402291.87626153,1933.519775390625,157.33447524574999,0.1,15,[128],0.1,sigmoid,32,35,21
9,49.494301180538024,4.920553245706399,6908666.452993955,4924470.301165149,2709.4222819010415,1187.190512527912,0.3,15,"[64, 128]",0.2,sigmoid,128,40,21
