identity,separability,stability,coherence,congruence,selectivity,accumen,Verm_stability,fidelity,sparsity,instability,completness_rec,methods,nb_layers
1.0(0.0),1.0(0.0),1.0(0.0),0.0(0.0),0.0(0.0),0.41(0.05),0.24(0.1),0.85(0.03),0.61(0.02),0.02(0.0),0.49(0.11),1.0(0.0),lime,1
1.0(0.0),1.0(0.0),1.0(0.0),0.3(0.15),0.28(0.12),0.77(0.04),0.05(0.05),0.71(0.06),-0.08(0.28),0.02(0.0),0.52(0.11),0.11(0.13),lime,2
1.0(0.0),1.0(0.0),1.0(0.0),0.31(0.15),0.28(0.12),0.77(0.05),0.02(0.02),0.79(0.08),-0.11(0.28),0.02(0.0),0.51(0.11),0.06(0.07),lime,3
1.0(0.0),1.0(0.0),1.0(0.0),0.33(0.14),0.28(0.1),0.81(0.03),0.04(0.03),0.75(0.03),0.05(0.15),0.02(0.0),0.59(0.16),0.02(0.02),lime,4
1.0(0.0),1.0(0.0),1.0(0.0),0.0(0.0),0.0(0.0),0.99(0.0),0.63(0.07),1.0(0.0),1.0(0.0),0.02(0.0),0.5(0.14),1.0(0.0),shap,1
1.0(0.0),1.0(0.0),1.0(0.0),0.3(0.15),0.28(0.12),0.96(0.01),0.62(0.07),1.0(0.0),0.09(0.28),0.02(0.0),0.31(0.1),0.11(0.13),shap,2
1.0(0.0),1.0(0.0),1.0(0.0),0.31(0.15),0.28(0.12),0.98(0.01),0.3(0.01),1.0(0.0),0.14(0.24),0.02(0.0),0.35(0.07),0.06(0.07),shap,3
1.0(0.0),1.0(0.0),1.0(0.0),0.07(0.09),0.13(0.18),0.94(0.02),0.52(0.03),1.0(0.0),0.76(0.13),0.0(0.0),0.52(0.03),0.92(0.11),shap,4
1.0(0.0),1.0(0.0),1.0(0.0),0.0(0.0),0.0(0.0),0.45(0.06),0.03(0.01),1.0(0.0),1.0(0.0),0.02(0.0),0.46(0.12),1.0(0.0),l2x,1
1.0(0.0),1.0(0.0),1.0(0.0),0.8(0.99),0.53(0.45),0.77(0.05),0.03(0.01),1.0(0.0),0.03(0.32),0.02(0.0),0.53(0.07),0.11(0.05),l2x,2
1.0(0.0),1.0(0.0),1.0(0.0),0.63(0.81),0.46(0.4),0.79(0.08),0.02(0.01),1.0(0.0),-0.01(0.36),0.02(0.0),0.44(0.15),0.24(0.19),l2x,3
1.0(0.0),1.0(0.0),1.0(0.0),0.65(0.85),0.46(0.38),0.79(0.05),0.03(0.02),1.0(0.0),0.11(0.26),0.02(0.0),0.54(0.09),0.24(0.27),l2x,4
